x: 22.000000, y: 22.000000, z: 22.000000, result: 12851600114359308000.000000
x: 3.000000, y: 3.000000, z: 3.000000, result: 401.474515
