x: 22.000000, y: 22.000000, z: 22.000000, result: 12851600114359308000.000000
x: 3.000000, y: 3.000000, z: 3.000000, result: 401.474515
x: 4.000000, y: 5.000000, z: 2.000000, result: 8099.055614
